300 200 1 
402 183 1 
313 87 1 
118 272 1 
300 200 1 
253 208 1 
433 13 1 
121 212 1 
369 3 1 
300 200 1 
267 275 1 
300 200 1 
439 211 1 
136 262 1 
266 281 1 
300 200 1 
300 200 1 
395 131 1 
353 303 1 
497 146 1 
199 394 1 
389 302 1 
361 29 1 
300 200 1 
209 175 1 
407 191 1 
195 110 1 
244 66 1 
295 359 1 
464 24 1 
462 202 1 
307 127 1 
495 198 1 
300 200 1 
480 29 1 
300 154 1 
211 366 1 
312 186 1 
477 20 1 
300 200 1 
431 50 1 
106 276 1 
448 252 1 
395 290 1 
300 200 1 
193 122 1 
240 205 1 
337 339 1 
265 337 1 
207 166 1 
-185 587 0 
-200 600 0 
-339 629 0 
-79 413 0 
-186 599 0 
-200 600 0 
-178 757 0 
-150 737 0 
-200 600 0 
-114 452 0 
-200 600 0 
-200 600 0 
-390 684 0 
-24 496 0 
-200 600 0 
-200 600 0 
-340 673 0 
-246 555 0 
-200 459 0 
-165 739 0 
-200 600 0 
-177 459 0 
-6 563 0 
-344 626 0 
-299 595 0 
-214 785 0 
-200 600 0 
-272 652 0 
-350 661 0 
-151 722 0 
-301 591 0 
-244 481 0 
-389 761 0 
-229 456 0 
-21 564 0 
-348 755 0 
-200 600 0 
-200 600 0 
-200 600 0 
-86 582 0 
-260 581 0 
-200 600 0 
-139 486 0 
-200 600 0 
-300 745 0 
-212 602 0 
-160 727 0 
-97 585 0 
-200 600 0 
-224 730 0 
