100 52 1 
402 183 1 
313 87 1 
118 272 1 
372 374 1 
253 208 1 
433 13 1 
121 212 1 
369 3 1 
253 26 1 
267 275 1 
336 373 1 
439 211 1 
136 262 1 
266 281 1 
465 305 1 
205 19 1 
395 131 1 
353 303 1 
497 146 1 
199 394 1 
389 302 1 
361 29 1 
353 354 1 
209 175 1 
407 191 1 
195 110 1 
244 66 1 
295 359 1 
464 24 1 
462 202 1 
307 127 1 
495 198 1 
206 36 1 
480 29 1 
300 154 1 
211 366 1 
312 186 1 
477 20 1 
405 308 1 
431 50 1 
106 276 1 
448 252 1 
395 290 1 
500 356 1 
193 122 1 
240 205 1 
337 339 1 
265 337 1 
207 166 1 
715 587 0 
615 471 0 
561 629 0 
821 413 0 
714 599 0 
883 700 0 
722 757 0 
750 737 0 
564 485 0 
786 452 0 
536 510 0 
501 566 0 
510 684 0 
876 496 0 
572 527 0 
855 661 0 
560 673 0 
654 555 0 
700 459 0 
735 739 0 
736 783 0 
723 459 0 
894 563 0 
556 626 0 
601 595 0 
686 785 0 
550 480 0 
628 652 0 
550 661 0 
749 722 0 
599 591 0 
656 481 0 
511 761 0 
671 456 0 
879 564 0 
552 755 0 
536 465 0 
528 546 0 
601 454 0 
814 582 0 
640 581 0 
824 773 0 
761 486 0 
772 764 0 
600 745 0 
688 602 0 
740 727 0 
803 585 0 
881 653 0 
676 730 0 
